27895931
43215063
91050183
22798006
58170807
57846937
22822305
45441631
26419239
12382740
31836774
23064236
29246653
56106344
40567146
40498005
26750264
43879004
48319873
30179569
36164349
460389
28477986
43776215
26669118
113071474
26062647
38683579
39009769
33769500
57876954
39728801
55662720
45745333
19802817
135209264
48512305
45703770
147845620
45064245
123915905
34491673
6136139
25554967
23243883
23433159
45595714
22741624
29573241
27902394
29559271
36184135
66678575
28627911
34384434
48946342
34757875
12648877
30022666
71729358
45045130
35061290
31976785
23830580
28890647
35983383
39410028
24713873
19799369
26030283
65662695
32432151
34118551
36008740
33159467
40335272
32194285
28293246
30318830
18464856
68114884
22222333
40835481
19043
1959
28905875
32477579
28261265
45608667
79483347
46117626
45588871
2158488
46466345
25346844
28761941
46509740
22866546
41807730
78616012
68895020
16297716
26776509
28646177
43688579
12353330
58532977
157369801
30602036
184225789
34215577
23148107
35486195
23245066
40800148
36166073
32439535
78388911
55156099
23390361
63758929
148059228
76314525
491
29686754
26147450
30277672
34451036
29103840
43772432
28878216
44781847
32370614
24299135
58534882
17711662
141959356
23164653
45960892
48868052
40020627
65960786
39822792
25397178
39153701
346191
75149440
48618580
56048543
126100310
22079806
143804894
32194500
133180305
38379853
36085261
33338722
47679753
49439086
23537466
18496184
777107
92581206
23337480
68229174
147720339
26179938
23170931
11614
30532220
26858816
14897324
29435908
32922940
84875903
62122883
10042064
9159189
41883468
29258893
31805219
86218441
71239327
32015300
67136012
49591829
107019848
14785431
56176916
109658801
28322985
16945011
35364891
27470044
28950133
23213239
32651025
36318299
23091433
125770269
25421850
29078047
83935640
75338985
47118092
22522055
36941068
47544652
31480508
43696984
34010064
133668394
126100569
132729641
26614831
31478728
149500863
33924519
34308709
42574198
42092461
29843454
23758942
22942343
34981365
63012929
26307864
20249656
48928605
7029945
39444069
38634441
23180464
46408089
42025607
36775802
27237360
33339790
90253744
90730773
156197485
35555977
53782768
151016287
23783750
31177966
24099488
33404310
23308460
13704425
62398004
23378353
45179125
71474813
126100393
9693056
183488070
35370899
24098496
147710263
88851361
29302425
83815413
52764119
105999460
34378420
73247559
119377097
29544671
25189523
147166906
45688121
73776762
35963611
58737741
41538339
34229261
45743656
48713061
55074079
44236056
34543413
86284414
62512467
23863253
15755094
52537634
138816943
46105176
49603755
31713884
58306490
144181254
137451337
24390680
34378493
33080201
24282202
108468
24507410
101982925
109331971
40553536
138415718
38290762
35762179
97630666
24722253
24036559
140837657
34305040
36147615
51696572
32509740
103695969
36326284
27797026
40529013
156480091
44554509
31752409
41594691
122723551
35113021
30490486
48940689
51189706
61912980
128350290
150802579
25679656
32231484
24092182
30008385
25117353
43208313
27725748
94216909
44786979
42968101
98075100
34298047
15199107
34137285
32127188
24313746
33598391
68519692
29534144
30428125
39490575
105736223
65010959
31613023
96591297
34001496
28528027
42826669
25817269
139923997
78996568
36959676
64977560
145543730
39566948
24985591
30540715
27794994
47366412
74595166
152219848
35059398
171193480
46619709
39340999
56790798
1415705
25171514
44759043
43600373
152992737
24199209
52230489
155590170
29838762
123541018
67988687
69671264
34486229
27121021
30447908
41002749
34889014
149094324
41041067
70841494
28565318
33118207
62579072
50059483
45739071
182295680
75686365
23693281
38119975
49609643
162729615
32535747
43335937
150261522
22746750
36731992
68016956
49592543
30525261
61052294
37911280
36200261
77590335
39080597
26970810
36092580
31579712
16054118
39399586
54276467
133726577
65653033
30487105
49468741
30559917
51812607
70596213
35145657
27637181
25752703
50138149
15302785
50624911
44758045
28587219
30823579
14305889
46175849
48911100
31057217
30316056
26519873
31250529
31333866
156344834
27901440
29690457
124260407
1719791
77843142
155293068
68518743
53023033
22741084
49266632
124985100
29614963
27113199
142754704
74382159
158484774
30751873
25380626
15326149
54343520
165101755
111359826
127090395
33842750
39111205
41811107
123695926
42541008
34168005
64534716
30637940
34483558
42307767
64098698
16348810
70638702
28556858
35294456
86747483
39513007
162413575
123675921
28938560
31963425
33414947
6246566
30953300
80410546
74653596
40587282
36785025
32228890
42701798
31547740
8722610
36736385
145826241
5608057
39104553
31872836
49694199
73476
8458649
101436686
94255146
53845179
35114569
69518720
41437811
33382046
150618202
59394712
64628087
48810974
24089576
132549513
35930308
31234561
23858239
31189947
133637617
42440233
29518065
29599237
96658902
30086880
80345103
149653328
73882058
34802894
73598440
31071893
29846359
73730654
91468670
34161144
157861204
152191544
52922518
5880263
70365191
72985232
142918020
7142203
52599708
151053954
26515827
111499611
152433395
84600270
31746
115689470
16979732
25749497
27338836
61972
55363991
33377621
35979047
23688663
41108497
65047210
79525017
44232142
56263398
36606428
46987089
35809584
50584238
55387604
32253087
40167434
174310051
12332522
39236729
22669267
121199691
47472023
38707088
150388347
23917344
90000251
102047696
85100484
152433920
161486117
28771266
90983046
40836944
138011123
37143284
38316314
67494496
38630769
54799401
10362317
170393012
72043081
132905343
51080434
29196806
71822322
60532209
139732885
31976441
34166518
114086029
29830876
35822250
16202769
65647630
138880351
9884911
46836921
145016612
26551941
52388302
126534498
63405124
117065345
27770786
76520569
26581353
54391852
34199707
86441049
72508816
67580761
28423507
122149207
31866112
21396707
28458334
28256828
95128240
137793489
22558194
46603834
28086630
111135348
122503582
152411051
22753480
151684182
103027469
44218927
40020304
32124003
27932995
4503260
37684434
27045802
2611
41611636
35232329
67779459
48210134
39488246
54500021
90281149
123474518
47949197
36508616
28468381
149126828
19542789
45244683
148411246
33898099
94532590
31862851
29229694
3785
129818649
39881081
83729091
96457590
33874468
45318427
112510789
41623203
165062392
31051063
550910
54365244
26492122
144411670
38472666
57851085
28981879
37225458
49290489
28673372
23497895
41734504
68988957
166122107
35519861
35143550
146740212
86529522
51949926
93330757
439
23639186
62827422
46596422
157142819
36455846
31428243
74889711
49135017
159146575
79145826
41053835
32262071
29369218
30655967
129677174
60708045
53562980
25089415
24834794
142977738
39321576
38363244
20469811
24253689
26090596
49437501
39939573
125048466
262340
25714310
75214966
72982321
41944327
36792820
99143397
34454611
29905631
150626384
104052041
23475118
18099999
142744083
27531145
19098821
74239057
58916750
47131705
42763042
154039386
45938293
69223147
64607113
64033486
42564857
25153764
20035339
41781422
31727306
68083841
43256857
32114286
49297041
78622646
51068271
17964514
92770560
33445697
47618171
114038183
44232988
30111136
99464023
89493
148289111
63749724
159478970
149537884
32164903
32939817
29719573
41525215
29868090
29832607
166491509
9580285
60203425
132837703
33301261
23611958
12637219
43726747
20744542
166491431
130641709
155124852
36464195
31501328
53261322
19589874
146125149
108477741
28215205
17655824
56985757
69676367
64980863
135556314
26833713
20845272
24565142
23403635
140876144
53555131
186234031
43387535
82545064
29684347
23616160
106084026
5074
58010960
132265
30712025
28546855
68629392
52833601
21755531
33006648
16775977
37466869
141623877
25813425
33222843
29232545
34230886
86224065
30957440
70905722
138638111
50425283
169194674
69580110
94388990
113766658
142248602
165599758
132565509
132564166
60109889
50821414
34481474
23546772
157142895
34580489
40679923
193593968
23626127
41154660
59298212
25539323
99344554
38310026
31273955
147778833
74006511
63657636
82706459
44497796
63907012
29773986
145510087
112290210
110857420
29219144
80160925
150909727
55122354
49235752
5858244
147350675
170528132
68995594
42510378
73756584
25161110
64392368
105697662
139740824
173929245
34385371
21082539
28446706
143177265
52548908
81294248
55264762
130865967
30179770
174859206
41511767
40323694
93943373
133799113
75820678
30026037
86131661
38584026
41449839
42743690
35217149
23471538
53197574
130897668
32515782
49724592
107710327
64173570
164141329
19068382
127925490
48231044
25251165
39279233
183342230
70147321
138191691
63731512
50406378
164041592
64754470
40204426
65596623
40586683
106277494
49119600
54896871
24230705
38462835
112211940
47610608
37078428
31128331
38128215
14947155
30936477
46855773
48760195
101134861
41395621
72475703
74375689
31513532
97838062
109034294
27460671
132178910
77051666
21515884
136546883
24359499
58158419
39834333
32426058
1350385
57494037
34677924
65539551
190262367
150709625
27315475
17769013
74938476
26211015
21352492
33073882
33477779
42811897
85813061
1792796
47029734
115335023
70275937
47826135
48509637
39222216
